SVM: 0.764102564102564
RF: 0.7025641025641025